[gd_scene format=3 uid="uid://5rp7qfkcr2th"]

[node name="LevelX" type="Node3D"]

[node name="Floor" type="CSGBox3D" parent="."]
size = Vector3(43, 1, 39)

[node name="CSGCombiner3D" type="CSGCombiner3D" parent="."]

[node name="1st door" type="CSGBox3D" parent="CSGCombiner3D"]
transform = Transform3D(1, 0, 0, 0, 1, 0, 0, 0, 1, -14, 6.5, 16)
size = Vector3(1, 4, 5)

[node name="CSGBox3D2" type="CSGBox3D" parent="CSGCombiner3D"]
transform = Transform3D(1, 0, 0, 0, 1, 0, 0, 0, 1, -21, 2.5, 0)
size = Vector3(1, 4, 39)

[node name="CSGBox3D3" type="CSGBox3D" parent="CSGCombiner3D"]
transform = Transform3D(1, 0, 0, 0, 1, 0, 0, 0, 1, 21, 2.5, 0)
size = Vector3(1, 4, 39)

[node name="CSGBox3D5" type="CSGBox3D" parent="CSGCombiner3D"]
transform = Transform3D(1, 0, 0, 0, 1, 0, 0, 0, 1, 0, 2.5, -19)
size = Vector3(41, 4, 1)

[node name="CSGBox3D6" type="CSGBox3D" parent="CSGCombiner3D"]
transform = Transform3D(1, 0, 0, 0, 1, 0, 0, 0, 1, 0, 2.5, 19)
size = Vector3(41, 4, 1)

[node name="CSGBox3D4" type="CSGBox3D" parent="CSGCombiner3D"]
transform = Transform3D(1, 0, 0, 0, 1, 0, 0, 0, 1, -14, 2.5, 0.5)
size = Vector3(1, 4, 26)

[node name="CSGBox3D7" type="CSGBox3D" parent="CSGCombiner3D"]
transform = Transform3D(1, 0, 0, 0, 1, 0, 0, 0, 1, -8.5, 1.5, -15.5)
size = Vector3(12, 2, 6)

[node name="CSGBox3D" type="CSGBox3D" parent="CSGCombiner3D"]
transform = Transform3D(1, 0, 0, 0, 1, 0, 0, 0, 1, -3, 5, -15.5)
size = Vector3(1, 5, 6)

[node name="CSGBox3D8" type="CSGBox3D" parent="CSGCombiner3D"]
transform = Transform3D(1, 0, 0, 0, 1, 0, 0, 0, 1, -4, 3, -16)
size = Vector3(1, 1, 3)

[node name="CSGBox3D22" type="CSGBox3D" parent="CSGCombiner3D"]
transform = Transform3D(1, 0, 0, 0, 1, 0, 0, 0, 1, -4, 1, -2.5)
size = Vector3(1, 1, 2)

[node name="CSGBox3D34" type="CSGBox3D" parent="CSGCombiner3D"]
transform = Transform3D(1, 0, 0, 0, 1, 0, 0, 0, 1, 20, 1, 14)
size = Vector3(1, 1, 3)

[node name="CSGBox3D38" type="CSGBox3D" parent="CSGCombiner3D"]
transform = Transform3D(1, 0, 0, 0, 1, 0, 0, 0, 1, 8, 1, 18)
size = Vector3(3, 1, 1)

[node name="CSGBox3D39" type="CSGBox3D" parent="CSGCombiner3D"]
transform = Transform3D(1, 0, 0, 0, 1, 0, 0, 0, 1, 8, 1, 10)
size = Vector3(3, 1, 1)

[node name="CSGBox3D37" type="CSGBox3D" parent="CSGCombiner3D"]
transform = Transform3D(1, 0, 0, 0, 1, 0, 0, 0, 1, 12, 2.5, 14)
size = Vector3(1, 4, 9)

[node name="CSGBox3D9" type="CSGBox3D" parent="CSGCombiner3D"]
transform = Transform3D(1, 0, 0, 0, 1, 0, 0, 0, 1, -14, 5, -13)
size = Vector3(1, 5, 1)

[node name="CSGBox3D10" type="CSGBox3D" parent="CSGCombiner3D"]
transform = Transform3D(1, 0, 0, 0, 1, 0, 0, 0, 1, -8.5, 3, -13)
size = Vector3(10, 1, 1)

[node name="CSGBox3D11" type="CSGBox3D" parent="CSGCombiner3D"]
transform = Transform3D(1, 0, 0, 0, 1, 0, 0, 0, 1, -8.5, 7, -13)
size = Vector3(10, 1, 1)

[node name="2nd door" type="CSGBox3D" parent="CSGCombiner3D"]
transform = Transform3D(1, 0, 0, 0, 1, 0, 0, 0, 1, -11.5, 6.5, 9)
size = Vector3(4, 4, 1)

[node name="CSGBox3D12" type="CSGBox3D" parent="CSGCombiner3D"]
transform = Transform3D(1, 0, 0, 0, 1, 0, 0, 0, 1, 5.5, 2.5, 9)
size = Vector3(30, 4, 1)

[node name="CSGBox3D13" type="CSGBox3D" parent="CSGCombiner3D"]
transform = Transform3D(1, 0, 0, 0, 1, 0, 0, 0, 1, -4, 2.5, 4)
size = Vector3(11, 4, 1)

[node name="CSGBox3D16" type="CSGBox3D" parent="CSGCombiner3D"]
transform = Transform3D(1, 0, 0, 0, 1, 0, 0, 0, 1, -6, 2.5, 0)
size = Vector3(7, 4, 1)

[node name="CSGBox3D17" type="CSGBox3D" parent="CSGCombiner3D"]
transform = Transform3D(1, 0, 0, 0, 1, 0, 0, 0, 1, -4, 2.5, -8)
size = Vector3(11, 4, 1)

[node name="CSGBox3D24" type="CSGBox3D" parent="CSGCombiner3D"]
transform = Transform3D(1, 0, 0, 0, 1, 0, 0, 0, 1, 2, 1, -14)
size = Vector3(9, 1, 1)

[node name="CSGBox3D25" type="CSGBox3D" parent="CSGCombiner3D"]
transform = Transform3D(1, 0, 0, 0, 1, 0, 0, 0, 1, 2, 1.5, -15)
size = Vector3(9, 2, 1)

[node name="CSGBox3D18" type="CSGBox3D" parent="CSGCombiner3D"]
transform = Transform3D(1, 0, 0, 0, 1, 0, 0, 0, 1, -6, 2.5, -5)
size = Vector3(7, 4, 1)

[node name="CSGBox3D15" type="CSGBox3D" parent="CSGCombiner3D"]
transform = Transform3D(1, 0, 0, 0, 1, 0, 0, 0, 1, -6, 2.5, 4)
size = Vector3(7, 4, 1)

[node name="CSGBox3D14" type="CSGBox3D" parent="CSGCombiner3D"]
transform = Transform3D(1, 0, 0, 0, 1, 0, 0, 0, 1, -9, 2.5, 2)
size = Vector3(1, 4, 3)

[node name="CSGBox3D19" type="CSGBox3D" parent="CSGCombiner3D"]
transform = Transform3D(1, 0, 0, 0, 1, 0, 0, 0, 1, -9, 2.5, -6.5)
size = Vector3(1, 4, 2)

[node name="CSGBox3D20" type="CSGBox3D" parent="CSGCombiner3D"]
transform = Transform3D(1, 0, 0, 0, 1, 0, 0, 0, 1, -3, 2.5, -2.5)
size = Vector3(1, 4, 4)

[node name="CSGBox3D21" type="CSGBox3D" parent="CSGCombiner3D"]
transform = Transform3D(1, 0, 0, 0, 1, 0, 0, 0, 1, 2, 2.5, -2)
size = Vector3(1, 4, 13)

[node name="CSGBox3D35" type="CSGBox3D" parent="CSGCombiner3D"]
transform = Transform3D(1, 0, 0, 0, 1, 0, 0, 0, 1, -7, 1.5, 16)
size = Vector3(1, 2, 5)

[node name="CSGBox3D36" type="CSGBox3D" parent="CSGCombiner3D"]
transform = Transform3D(1, 0, 0, 0, 1, 0, 0, 0, 1, 0, 1.5, 12)
size = Vector3(1, 2, 5)

[node name="CSGBox3D23" type="CSGBox3D" parent="CSGCombiner3D"]
transform = Transform3D(1, 0, 0, 0, 1, 0, 0, 0, 1, 7, 2.5, -3.5)
size = Vector3(1, 4, 24)

[node name="CSGBox3D26" type="CSGBox3D" parent="CSGCombiner3D"]
transform = Transform3D(1, 0, 0, 0, 1, 0, 0, 0, 1, 13.5, 1, -17)
size = Vector3(14, 1, 3)

[node name="CSGBox3D27" type="CSGBox3D" parent="CSGCombiner3D"]
transform = Transform3D(1, 0, 0, 0, 1, 0, 0, 0, 1, 11.5, 1, -13)
size = Vector3(4, 1, 3)

[node name="CSGBox3D28" type="CSGBox3D" parent="CSGCombiner3D"]
transform = Transform3D(1, 0, 0, 0, 1, 0, 0, 0, 1, 17.5, 1, -11)
size = Vector3(4, 1, 3)

[node name="CSGBox3D29" type="CSGBox3D" parent="CSGCombiner3D"]
transform = Transform3D(1, 0, 0, 0, 1, 0, 0, 0, 1, 13.5, 1, -7)
size = Vector3(4, 1, 3)

[node name="CSGBox3D31" type="CSGBox3D" parent="CSGCombiner3D"]
transform = Transform3D(1, 0, 0, 0, 1, 0, 0, 0, 1, 14, 1, 4)
size = Vector3(5, 1, 9)

[node name="CSGBox3D33" type="CSGBox3D" parent="CSGCombiner3D"]
transform = Transform3D(1, 0, 0, 0, 1, 0, 0, 0, 1, 17, 2.5, 7)
size = Vector3(1, 2, 3)

[node name="CSGBox3D32" type="CSGBox3D" parent="CSGCombiner3D"]
transform = Transform3D(1, 0, 0, 0, 1, 0, 0, 0, 1, 18.5, 1, 7)
size = Vector3(4, 1, 3)

[node name="CSGBox3D30" type="CSGBox3D" parent="CSGCombiner3D"]
transform = Transform3D(1, 0, 0, 0, 1, 0, 0, 0, 1, 14, 1, -2)
size = Vector3(13, 1, 3)

[node name="CSGCylinder3D" type="CSGCylinder3D" parent="CSGCombiner3D"]
transform = Transform3D(1, 0, 0, 0, 1, 0, 0, 0, 1, 12, 3, 2)

[node name="CSGCylinder3D2" type="CSGCylinder3D" parent="CSGCombiner3D"]
transform = Transform3D(1, 0, 0, 0, 1, 0, 0, 0, 1, 16, 3, 2)

[node name="CSGCylinder3D3" type="CSGCylinder3D" parent="CSGCombiner3D"]
transform = Transform3D(1, 0, 0, 0, 1, 0, 0, 0, 1, -7, 2, 13)

[node name="CSGCylinder3D4" type="CSGCylinder3D" parent="CSGCombiner3D"]
transform = Transform3D(1, 0, 0, 0, 1, 0, 0, 0, 1, 0, 2, 15)

[node name="Camera1" type="Camera3D" parent="."]
transform = Transform3D(0.866025, 0.25, -0.433013, 0, 0.866025, 0.5, 0.5, -0.433013, 0.75, -20, 7, 19)

[node name="Camera2" type="Camera3D" parent="."]
transform = Transform3D(-0.73038, 0.405999, -0.549282, 0.00623601, 0.808101, 0.589011, 0.683013, 0.426777, -0.592752, -20, 8, -18)

[node name="Camera3" type="Camera3D" parent="."]
transform = Transform3D(-0.47085, -0.462015, 0.75156, 0.0452333, 0.838139, 0.543578, -0.881053, 0.289939, -0.37374, 20, 6, 10)

[node name="Camera10" type="Camera3D" parent="."]
transform = Transform3D(-0.527589, 0.482102, -0.699448, 0.0452333, 0.838139, 0.543578, 0.848295, 0.255147, -0.464, -13, 6, 10)

[node name="Camera4" type="Camera3D" parent="."]
transform = Transform3D(-0.729167, 0.399638, -0.555523, 0.0452333, 0.838139, 0.543578, 0.68284, 0.371231, -0.62922, -13, 6, -12)

[node name="Camera5" type="Camera3D" parent="."]
transform = Transform3D(2.58096e-08, 0.5, -0.866025, -1.49012e-08, 0.866025, 0.5, 1, 0, 2.98023e-08, -13, 6, -3)

[node name="Camera8" type="Camera3D" parent="."]
transform = Transform3D(1, -2.18557e-08, 6.76575e-08, -1.49012e-08, 0.866025, 0.5, -6.9521e-08, -0.5, 0.866025, 13, 6, -2)

[node name="Camera9" type="Camera3D" parent="."]
transform = Transform3D(-0.707107, -0.353553, 0.612372, -1.49012e-08, 0.866025, 0.5, -0.707107, 0.353553, -0.612372, 19, 6, -6)

[node name="Camera6" type="Camera3D" parent="."]
transform = Transform3D(0.707107, -0.353553, 0.612372, -1.49012e-08, 0.866025, 0.5, -0.707107, -0.353553, 0.612372, 6, 5, 8)

[node name="Camera7" type="Camera3D" parent="."]
transform = Transform3D(0.866025, 0.25, -0.433013, -1.49012e-08, 0.866025, 0.5, 0.5, -0.433013, 0.75, -3, 5, -10)
